# Created by Octave 4.4.1, Sun Dec 23 13:03:43 2018 GMT <unknown@USER-20180721LG>
# name: A
# type: matrix
# rows: 4
# columns: 4
 16 2 3 13
 5 11 10 8
 9 7 6 12
 4 14 15 1


# name: B
# type: matrix
# ndims: 3
 3 5 2
 0.34000372649829697
 0.90384867228651977
 0.35930924044885154
 0.61219403656617455
 0.078494553302357259
 0.48891664181427547
 0.36731984228991127
 0.54132487909490212
 0.86684519697901408
 0.62899620343073803
 0.17950583540371773
 0.2616602936753592
 0.87756464224927044
 0.85448322265637788
 0.78243174608568977
 0.87285370417639652
 0.402782064127511
 0.53074944552497472
 0.096654242028855239
 0.61066229619097756
 0.9909500719396096
 0.79889194402920305
 0.91788877533363367
 0.39812766546216077
 0.25295231589041628
 0.72094600470903025
 0.6304285705401822
 0.56422666903948182
 0.10088295147884245
 0.064322301479864549


# name: a
# type: matrix
# rows: 4
# columns: 5
 16 2 3 13 0
 5 11 10 8 0
 9 7 6 12 0
 4 14 15 1 4


# name: ans
# type: matrix
# rows: 3
# columns: 1
 13
 8
 12


# name: b
# type: matrix
# rows: 1
# columns: 4
 2 3 4 5


# name: c
# type: matrix
# rows: 3
# columns: 2
 2 3
 4 5
 6 7


# name: d
# type: scalar
-0.41614683654714241


# name: p
# type: matrix
# rows: 4
# columns: 4
 1 0 -1 -0.25
 -0.25 0 0 0.875
 0.25 0.5 0 0.25
 0.15625 0.125 0 1.734375


# name: x
# type: matrix
# rows: 3
# columns: 5
 0 0 0 0 0
 0 0 0 0 0
 0 0 0 0 0


